              precision    recall  f1-score   support

           0       1.00      1.00      1.00      5934
           1       1.00      1.00      1.00      5934
           2       1.00      1.00      1.00      5935
           3       1.00      1.00      1.00      5934
           4       1.00      1.00      1.00      5935
           5       1.00      1.00      1.00      5934
           6       1.00      1.00      1.00      5935
           7       1.00      1.00      1.00      5935
           8       1.00      1.00      1.00      5935
           9       1.00      0.99      1.00      5935
          10       1.00      1.00      1.00      5935
          11       1.00      1.00      1.00      5934
          12       1.00      1.00      1.00      5935
          13       1.00      1.00      1.00      5935
          14       1.00      1.00      1.00      5935
          15       1.00      1.00      1.00      5934
          16       1.00      1.00      1.00      5935
          17       1.00      1.00      1.00      5934
          18       1.00      1.00      1.00      5935
          19       1.00      1.00      1.00      5935
          20       1.00      1.00      1.00      5934
          21       1.00      1.00      1.00      5934
          22       1.00      1.00      1.00      5935

    accuracy                           1.00    136496
   macro avg       1.00      1.00      1.00    136496
weighted avg       1.00      1.00      1.00    136496
